1594369399.123696804 0.002165271 -0.002921511 -0.000615805 0.000279928 0.000431183 -0.004355402 0.999990383
1594369399.223666191 0.007236619 -0.005261951 -0.000626277 0.000277920 0.000500949 -0.003399292 0.999994058
1594369399.323574305 0.014208645 -0.006951445 -0.001382151 0.000262943 0.000420543 -0.007899556 0.999968675
1594369399.423538446 0.019224448 -0.007346127 -0.001349190 0.000285146 0.000429975 -0.008252388 0.999965815
1594369399.523342133 0.018775110 -0.009777486 -0.000850534 0.000284087 0.000407775 -0.009146138 0.999958050
1594369399.623193264 0.018056892 -0.012034672 -0.000431633 0.000271805 0.000435370 -0.010776401 0.999941801
1594369399.723075867 0.018025137 -0.014634001 0.000670323 0.000294363 0.000469550 -0.011976313 0.999928128
1594369399.822996378 0.018435470 -0.017951746 0.000873939 0.000314009 0.000472761 -0.012605653 0.999920385
1594369399.922962666 0.021641314 -0.020921104 0.001787612 0.000307923 0.000486391 -0.014717768 0.999891522
1594369400.023005724 0.024960479 -0.023149679 0.001547674 0.000271049 0.000415766 -0.015944441 0.999872756
1594369400.123062849 0.029005968 -0.024413672 0.000505012 0.000234892 0.000352321 -0.017974214 0.999838361
1594369400.223128319 0.029362780 -0.022997180 -0.002195890 0.000155209 0.000238742 -0.016859267 0.999857832
1594369400.323117256 0.029164574 -0.019546233 -0.005193010 0.000076607 0.000151563 -0.017454802 0.999847639
1594369400.423149824 0.027955325 -0.014882333 -0.007915478 0.000031129 0.000084166 -0.015955380 0.999872701
1594369400.523098469 0.025904921 -0.011551522 -0.008948012 0.000019214 0.000095289 -0.015323023 0.999882591
1594369400.623111725 0.024359067 -0.008803246 -0.008766725 0.000036744 0.000056505 -0.014423777 0.999895970
1594369400.723111391 0.022242971 -0.007914660 -0.006945086 0.000088121 0.000145380 -0.014018399 0.999901723
1594369400.823139191 0.020970802 -0.008733457 -0.004569278 0.000154053 0.000219260 -0.015074920 0.999886331
1594369400.923182249 0.020766535 -0.010237217 -0.002590243 0.000201461 0.000305798 -0.014122405 0.999900207
1594369401.023157835 0.022583518 -0.012944552 -0.000410407 0.000248874 0.000361122 -0.016197855 0.999868710
1594369401.123235226 0.023924930 -0.013871621 -0.001769272 0.000163083 0.000174407 -0.017000356 0.999855455
1594369401.223189354 0.024352118 -0.013903233 -0.004202523 0.000121418 0.000169474 -0.014166594 0.999899627
1594369401.323084116 0.022194738 -0.014153856 -0.005495813 0.000128839 0.000184667 -0.016214184 0.999868516
1594369401.423110723 0.020513576 -0.014859836 -0.005412320 0.000145584 0.000212154 -0.015591287 0.999878415
1594369401.523046255 0.020421635 -0.016774108 -0.002938401 0.000212013 0.000310696 -0.016338134 0.999866453
1594369401.623033047 0.020406888 -0.019553826 -0.000666832 0.000242643 0.000368795 -0.017474884 0.999847205
1594369401.723035097 0.021134887 -0.020996210 -0.000463958 0.000199245 0.000315761 -0.018191549 0.999834450
1594369401.823028564 0.021961074 -0.022868386 -0.001116253 0.000195004 0.000283230 -0.018364384 0.999831301
1594369401.923017502 0.022889386 -0.023231179 -0.001523544 0.000208937 0.000329534 -0.018377608 0.999831041
1594369402.023001909 0.024715061 -0.023179828 -0.002346355 0.000155242 0.000269296 -0.018744290 0.999824262
1594369402.122993946 0.027391392 -0.022121538 -0.002805991 0.000142317 0.000269767 -0.018502585 0.999828766
1594369402.222971201 0.027860888 -0.021355935 -0.003411855 0.000137339 0.000243185 -0.018097709 0.999836184
1594369402.322962761 0.028035290 -0.021175728 -0.003750144 0.000119521 0.000200085 -0.018192319 0.999834479
1594369402.422982216 0.028680613 -0.021670201 -0.003438629 0.000121067 0.000204889 -0.017663182 0.999843966
1594369402.523011923 0.029691481 -0.020697578 -0.002763921 0.000145737 0.000282501 -0.018288377 0.999832703
1594369402.623060226 0.032094026 -0.019093926 -0.002779217 0.000135347 0.000266867 -0.017802769 0.999841473
1594369402.723072290 0.031025521 -0.018834248 -0.004464280 0.000118230 0.000089343 -0.018368402 0.999831276
1594369402.823091984 0.025877205 -0.020650793 -0.005609560 0.000093798 0.000074000 -0.016895537 0.999857253
1594369402.923095465 0.023115362 -0.021093795 -0.005391156 0.000090996 0.000187978 -0.018589320 0.999827182
1594369403.023126125 0.024750756 -0.020617881 -0.004401972 0.000104192 0.000239287 -0.016512813 0.999863620
1594369403.123065233 0.026961312 -0.017521767 -0.002733408 0.000159443 0.000382262 -0.013314608 0.999911271
1594369403.223035336 0.033269720 -0.013051085 -0.001042382 0.000174735 0.000477672 -0.014868559 0.999889328
1594369403.323200941 0.041054721 -0.008391890 0.000037100 0.000231972 0.000378623 -0.017065239 0.999854280
1594369403.423306942 0.043082061 -0.007705408 -0.000625589 0.000281556 0.000313539 -0.017916388 0.999839400
1594369403.523357391 0.042080792 -0.012666226 -0.001820800 0.000226327 0.000222082 -0.021930508 0.999759447
1594369403.623416901 0.041358129 -0.017672690 -0.002112703 0.000251159 0.000314794 -0.024049687 0.999710683
1594369403.723367453 0.041097952 -0.023865939 -0.000535758 0.000376358 0.000485489 -0.026177107 0.999657132
1594369403.823307037 0.043129860 -0.025625430 -0.001138413 0.000176240 0.000335347 -0.027549478 0.999620369
1594369403.923205853 0.044595710 -0.023857415 -0.004048639 0.000057267 0.000050492 -0.026435285 0.999650524
1594369404.023058891 0.042792347 -0.018816346 -0.008867027 -0.000109835 -0.000200359 -0.026444549 0.999650256
1594369404.122987032 0.039566137 -0.012509812 -0.011688400 -0.000095623 -0.000130499 -0.025221573 0.999681872
1594369404.222923517 0.036580942 -0.004454870 -0.012319140 -0.000172639 -0.000061219 -0.023966548 0.999712744
1594369404.322919607 0.035669815 0.000608827 -0.008847624 0.000000789 0.000112727 -0.025303016 0.999679821
1594369404.422992706 0.036115985 0.002287765 -0.003403489 0.000226866 0.000174197 -0.025742578 0.999668564
1594369404.523057222 0.035490001 -0.000035664 -0.001526103 0.000240425 0.000062525 -0.025139520 0.999683921
1594369404.623070717 0.035139029 -0.004027159 -0.002561132 0.000234586 0.000134106 -0.023669682 0.999719797
1594369404.723064661 0.034984398 -0.006547161 -0.004075888 0.000158024 0.000183668 -0.022917681 0.999737326
1594369404.823067665 0.034688358 -0.008427265 -0.003993671 0.000185436 0.000259330 -0.023032864 0.999734658
1594369404.923091650 0.035741548 -0.009424654 -0.002692604 0.000231095 0.000297494 -0.024325997 0.999704008
1594369405.023122072 0.037861884 -0.009567775 -0.001140031 0.000267167 0.000366003 -0.024499578 0.999699738
1594369405.123115063 0.039912652 -0.011459736 0.000194991 0.000279860 0.000375894 -0.025330693 0.999679017
1594369405.223117113 0.041476278 -0.012757515 0.000193726 0.000243210 0.000324345 -0.024947766 0.999688674
1594369405.323065042 0.043272171 -0.013447597 -0.002089279 0.000180548 0.000250746 -0.024406409 0.999702071
1594369405.423020363 0.044627885 -0.014659892 -0.003943794 0.000166514 0.000180118 -0.024125325 0.999708912
1594369405.522995234 0.044405984 -0.016375615 -0.006216650 0.000088796 0.000098109 -0.022574017 0.999745166
1594369405.622945786 0.043061776 -0.017032941 -0.006472784 0.000053656 0.000067225 -0.020595564 0.999787885
1594369405.722943306 0.042222520 -0.017051061 -0.005198253 0.000086913 0.000142471 -0.020933868 0.999780849
1594369405.823013306 0.042206097 -0.014866104 -0.003604472 0.000139082 0.000217624 -0.019590407 0.999808056
1594369405.923020124 0.042499804 -0.013768520 -0.001860546 0.000203952 0.000277247 -0.020530088 0.999789176
1594369406.023077011 0.043591174 -0.012061507 -0.002456163 0.000158854 0.000190267 -0.018584728 0.999827258
1594369406.123003244 0.045127180 -0.011323780 -0.003240037 0.000139570 0.000202174 -0.019417073 0.999811441
1594369406.223053932 0.046597307 -0.009378285 -0.004210425 0.000136656 0.000170989 -0.019546485 0.999808925
1594369406.323016882 0.047829042 -0.008329673 -0.004884262 0.000133214 0.000134220 -0.018508665 0.999828682
1594369406.422992945 0.047527317 -0.006811727 -0.004954273 0.000138230 0.000113461 -0.018816799 0.999822932
1594369406.523002863 0.048529290 -0.004127701 -0.005297477 0.000101102 0.000174741 -0.017400350 0.999848582
1594369406.622964382 0.048586148 -0.001611670 -0.005863616 0.000120396 0.000046682 -0.018281553 0.999832870
1594369406.723018646 0.045649737 -0.001723460 -0.007964750 0.000052112 -0.000131272 -0.016070261 0.999870855
1594369406.822938442 0.039703824 -0.002441798 -0.010198695 -0.000003722 -0.000148450 -0.013328407 0.999911162
1594369406.922910929 0.034765419 -0.001437560 -0.010333101 0.000045220 -0.000006303 -0.011847071 0.999929820
1594369407.022937059 0.034836468 -0.001273248 -0.006323116 0.000166272 0.000183456 -0.016640189 0.999861512
1594369407.123185158 0.038144512 -0.000160585 -0.000208745 0.000296859 0.000499312 -0.029003581 0.999579139
1594369407.223431826 0.042354268 0.003752731 0.003824758 0.000354069 0.000364393 -0.029937352 0.999551648
1594369407.323315382 0.045327576 0.006588587 0.002933357 0.000118655 0.000103006 -0.037046497 0.999313531
1594369407.423346758 0.046193447 0.007114636 0.001158034 0.000801580 0.000337169 -0.050267284 0.998735422
1594369407.523489237 0.045649878 -0.002829563 0.015488337 0.002350815 0.001086157 -0.056317405 0.998409557
1594369407.623354912 0.050411333 -0.034869797 0.040546159 0.003365701 0.001791352 -0.062461837 0.998040070
1594369407.723250151 0.050187521 -0.076853778 0.089202473 0.004062087 0.001766385 -0.061487068 0.998098051
1594369407.822914600 0.045740694 -0.101891861 0.163700456 0.004548191 0.001136568 -0.054407207 0.998507826
1594369407.922559977 0.029750987 -0.099960501 0.211456243 0.003703014 0.000214175 -0.055107052 0.998473562
1594369408.022571564 -0.005110586 -0.061860315 0.233855312 0.002782915 -0.000755099 -0.049787669 0.998755662
1594369408.122539759 -0.034463011 0.002750175 0.223873670 0.001395261 -0.001883263 -0.045195399 0.998975416
1594369408.222677708 -0.019199192 0.046518397 0.222653679 -0.009835052 -0.016594783 -0.045566049 0.998775060
1594369408.323093653 0.017877238 0.073683780 0.302869322 -0.019380056 -0.027638227 -0.043079637 0.998501220
1594369408.423347473 0.029168545 0.081771379 0.319808069 -0.020957818 -0.029203389 -0.045341546 0.998324635
1594369408.523612022 0.026227366 0.080761308 0.346678532 -0.020652964 -0.029681680 -0.040584224 0.998521594
1594369408.623599052 0.008174402 0.061607449 0.347997937 -0.018964076 -0.028519843 -0.037798889 0.998698266
1594369408.723566055 -0.015151452 0.038082005 0.340826040 -0.017057389 -0.026607232 -0.032459294 0.998973220
1594369408.823440313 -0.034843607 0.024539520 0.334236540 -0.016014671 -0.024788196 -0.025594323 0.999236712
1594369408.923285961 -0.036645919 0.023916274 0.337253614 -0.016069393 -0.023933353 -0.015346390 0.999466587
1594369409.023045778 -0.026080452 0.034650533 0.344585742 -0.015861101 -0.023161936 -0.006703492 0.999583420
1594369409.122956038 -0.013944960 0.056201100 0.369909623 -0.014260150 -0.021175904 0.000541486 0.999673915
1594369409.222946405 -0.010790674 0.085905274 0.384061777 -0.009801551 -0.015629929 0.019407033 0.999641437
1594369409.322710276 -0.015479493 0.124253022 0.403371249 -0.000240216 -0.005166669 0.037396535 0.999287119
1594369409.422615051 -0.030877730 0.135277540 0.420299695 0.013834779 0.011920789 0.048653019 0.998648776
1594369409.522866249 -0.057805098 0.112093394 0.408935454 0.028198237 0.034050485 0.054737102 0.997521565
1594369409.623263836 -0.067332484 0.079024117 0.394068813 0.045770020 0.055273238 0.056253870 0.995834061
1594369409.723674774 -0.055322626 0.047360627 0.362556835 0.061042367 0.075703944 0.053328698 0.993830364
1594369409.824040174 -0.037918237 0.031937349 0.332165324 0.072341104 0.096036374 0.051877518 0.991389178
1594369409.924118519 -0.007724065 0.026945251 0.332877830 0.081415005 0.109163276 0.048277737 0.989507067
1594369410.024078369 0.023146896 0.020148532 0.331873508 0.086707013 0.118358454 0.043891269 0.988203788
1594369410.123917580 0.050019564 -0.000081206 0.312875652 0.087544323 0.126759597 0.033154944 0.987506327
1594369410.223853827 0.069401651 -0.021542276 0.313218082 0.087990531 0.132133477 0.018708151 0.987141538
1594369410.323771715 0.090693716 -0.048020204 0.314476369 0.085805346 0.134546091 0.001646519 0.987183915
1594369410.423687458 0.111820818 -0.074725857 0.318361433 0.078867746 0.134954147 -0.023190160 0.987435807
1594369410.523713350 0.099984864 -0.095846407 0.331837934 0.069826193 0.131184022 -0.045786979 0.987835314
1594369410.623601437 0.111776007 -0.107045720 0.345135058 0.056618973 0.113288868 -0.061195004 0.990058128
1594369410.723274231 0.109845463 -0.107271309 0.356153291 0.042757088 0.092572953 -0.066577501 0.992557059
1594369410.822719336 0.102939380 -0.093226212 0.372234515 0.026743008 0.070089068 -0.064997133 0.995061660
