            0.400323 0.0318642 0.0495529 -0.499117   0.00216527  -0.00292151 -0.000615805       0       0 180.013 -0.006253  0.011775  0.028535  -0.0111542 -0.00230611 -0.00243927 -0.0255145 -0.0351019  0.0509477 -6.17393e-08  4.58577e-08  7.87723e-09 0.0957277 -0.181022  -9.80686  13445
            0.500293 0.0316543 0.0575167 -0.389544   0.00723662  -0.00526195 -0.000626277       0       0 180.013 -0.006253  0.011775  0.028535    0.049323   -0.021704 -0.00039046 -0.0254481 -0.0349765  0.0504321 -1.59988e-05  6.10247e-06 -7.07019e-07  0.095743 -0.181028  -9.80686  13460
            0.600201 0.0297516 0.0484307 -0.905286   0.0142086 -0.00695145 -0.00138215       0       0 180.013 -0.006253  0.011775  0.028535   0.0518694  -0.0186871 -0.00636188 -0.0253554 -0.0348396  0.0499813 -0.00351998 -0.00083704   0.0010854 0.0991093 -0.180229  -9.80684  13434
            0.700165   0.03227 0.0495432 -0.945721   0.0192244 -0.00734613 -0.00134919       0       0 180.013 -0.006253  0.011775  0.028535    0.0412562  -0.00593604 -0.000492502 -0.0252299 -0.0347551  0.0494659  -0.00449611  -0.00705113 -0.000699639  0.100153 -0.174301  -9.80694  13461
            0.799969 0.0321276 0.0470268  -1.04815    0.0187751  -0.00977749 -0.000850534       0       0 180.013 -0.006253  0.011775  0.028535 0.00279999 -0.0150565  0.0047255  -0.025109 -0.0346715  0.0489995   0.0122079  0.00268431 -0.00367481 0.0839567 -0.183439  -9.80693  13465
             0.89982 0.0306094 0.0502262  -1.23499    0.0180569   -0.0120347 -0.000431633       0       0 180.013 -0.006253  0.011775  0.028535  -0.013705 -0.0156477 0.00425246 -0.0249923 -0.0345964    0.04854   0.0139169  0.00717082 -0.00277612 0.0822187 -0.187704  -9.80686  13468
            0.999702 0.0330872 0.0542106   -1.3725   0.0180251   -0.014634 0.000670323       0       0 180.013 -0.006253  0.011775  0.028535 -0.0158897 -0.0207796  0.0081411  -0.024887 -0.0345005  0.0480748  0.00671753   0.0113436 -0.00575376 0.0890683 -0.191927  -9.80672  13471
             1.09962 0.0352997 0.0546278  -1.44463   0.0184355  -0.0179517 0.000873939       0       0 180.013 -0.006253  0.011775  0.028535  -0.012566 -0.0307533 0.00659048 -0.0247633 -0.0344097  0.0476139 -0.00124159   0.0148089  -0.0021273 0.0965843 -0.195394  -9.80658  13479
             1.19959 0.0344638 0.0562538   -1.6867  0.0216413 -0.0209211 0.00178761       0       0 180.013 -0.006253  0.011775  0.028535 0.00492139 -0.0261203  0.0105623 -0.0246277 -0.0343209  0.0471908   -0.015551   0.0149985 -0.00212264  0.110319 -0.196021  -9.80642  13471
             1.29963 0.0302986  0.048136   -1.8273  0.0249605 -0.0231497 0.00154767       0       0 180.013 -0.006253  0.011775  0.028535  0.0133977 -0.0201882 0.00112506 -0.0245331 -0.0342103  0.0467413 -0.0237013  0.0144799 0.00324326  0.118104 -0.195713  -9.80634  13489
             1.39969 0.0261886 0.0408533  -2.05995    0.029006  -0.0244137 0.000505012       0       0 180.013 -0.006253  0.011775  0.028535   0.0205411 -0.00815581 -0.00874104 -0.0244534 -0.0341241  0.0463307 -0.0311252  0.0132837 0.00747808  0.125228 -0.194803  -9.80627  13496
             1.49975 0.0173232 0.0276558  -1.93216   0.0293628  -0.0229972 -0.00219589       0       0 180.013 -0.006253  0.011775  0.028535 -0.00102732   0.0144768    -0.02262 -0.0244321 -0.0340654  0.0458926 -0.0285688 0.00948558  0.0139691  0.122891 -0.190893  -9.80637  13494
             1.59974 0.00847466  0.0175197   -2.00042   0.0291646  -0.0195462 -0.00519301       0       0 180.013 -0.006253  0.011775  0.028535 -0.0125657  0.0345885 -0.0291571 -0.0244454 -0.0340433  0.0455088 -0.0295945 0.00620821  0.0163789  0.124026 -0.187761  -9.80642  13489
             1.69978 0.00341299 0.00970116   -1.82856   0.0279553  -0.0148823 -0.00791548       0       0 180.013 -0.006253  0.011775  0.028535  -0.02307 0.0458994 -0.028731  -0.024483 -0.0340654  0.0451133 -0.0307951 0.00433917  0.0158835   0.12529 -0.186047  -9.80644  13498
             1.79973 0.00203429  0.0109526   -1.75609   0.0259049  -0.0115515 -0.00894801       0       0 180.013 -0.006253  0.011775  0.028535 -0.0304367  0.0423911 -0.0185012 -0.0245148 -0.0341057   0.044714 -0.0323825 0.00733759 0.00957602  0.126739 -0.189113  -9.80636  13490
             1.89974 0.00411704 0.00653548   -1.65302   0.0243591 -0.00880325 -0.00876673       0       0 180.013 -0.006253  0.011775  0.028535  -0.0294954   0.0337124 -0.00494929  -0.024546 -0.0341589  0.0443151 -0.0359227  0.0102075 0.00371775  0.130076 -0.192127  -9.80626  13491
             1.99974 0.00986413  0.0168004   -1.60656    0.022243 -0.00791466 -0.00694509       0       0 180.013 -0.006253  0.011775  0.028535 -0.0280258  0.0168976  0.0124573  -0.024541 -0.0342207  0.0439592  -0.0379544   0.0142855 -0.00247506   0.13194 -0.196223  -9.80615  13492
             2.09977 0.0172737 0.0253905  -1.72765   0.0209708 -0.00873346 -0.00456928       0       0 180.013 -0.006253  0.011775  0.028535  -0.0235524 0.000628697   0.0220284 -0.0245073 -0.0342451  0.0435893  -0.0408081   0.0182567 -0.00534908   0.13457 -0.200182  -9.80603  13476
             2.19981 0.0225902  0.035367  -1.61847   0.0207665  -0.0102372 -0.00259024       0       0 180.013 -0.006253  0.011775  0.028535 -0.00991711 -0.00867157   0.0218194  -0.024463 -0.0342435  0.0432115  -0.0441461   0.0206311 -0.00436133  0.137661 -0.202557  -9.80594  13496
             2.29978 0.0278469 0.0418412  -1.85635    0.0225835   -0.0129446 -0.000410407       0       0 180.013 -0.006253  0.011775  0.028535 0.00243642 -0.0185392  0.0232359 -0.0243931 -0.0342021  0.0428653   -0.048341   0.0232073 -0.00383757 0.141565 -0.20517 -9.80583  13482
             2.39986 0.0183468 0.0203019  -1.94833   0.0239249  -0.0138716 -0.00176927       0       0 180.013 -0.006253  0.011775  0.028535 -0.00125864 -0.00765224 -6.7485e-05 -0.0243365 -0.0341681  0.0425014 -0.0505289  0.0221906 0.00584035  0.143528 -0.204069  -9.80583  13483
             2.49982 0.0136379 0.0196169  -1.62354   0.0243521  -0.0139032 -0.00420252       0       0 180.013 -0.006253  0.011775  0.028535 -0.000533456  -0.00257929   -0.0171422 -0.0243194 -0.0341844  0.0421409 -0.0513245  0.0213411  0.0117205 0.144224 -0.20316 -9.80584  13483
             2.59971 0.0144199 0.0213995  -1.85822   0.0221947  -0.0141539 -0.00549581       0       0 180.013 -0.006253  0.011775  0.028535 -0.0169155 -0.0047149 -0.0136751 -0.0242822 -0.0342054   0.041809 -0.0488471  0.0213102  0.0109415  0.141874 -0.203024  -9.80587  13472
             2.69974 0.0163028   0.02457  -1.78683   0.0205136  -0.0148598 -0.00541232       0       0 180.013 -0.006253  0.011775  0.028535  -0.0190547 -0.00904406 -0.00383264 -0.0242162 -0.0342366  0.0414541 -0.0489437  0.0212348 0.00780353  0.142029 -0.203027  -9.80587  13487
             2.79967 0.0237117  0.035998  -1.87243  0.0204216 -0.0167741 -0.0029384       0       0 180.013 -0.006253  0.011775  0.028535 -0.00969864  -0.0172432   0.0158124 -0.0241239 -0.0342346  0.0411437 -0.0510766  0.0221996 0.00184053  0.144124 -0.204189  -9.80582  13477
             2.89966 0.0270641 0.0427433  -2.00271    0.0204069   -0.0195538 -0.000666832       0       0 180.013 -0.006253  0.011775  0.028535 -0.00527891   -0.022486     0.02081 -0.0240342 -0.0342012  0.0408099  -0.0521885   0.0233966 0.000568038  0.145144 -0.205417  -9.80577  13476
             2.99966 0.0221714 0.0365956  -2.08486    0.0211349   -0.0209962 -0.000463958       0       0 180.013 -0.006253  0.011775  0.028535 0.000225248  -0.0131372  0.00700308   -0.02396 -0.0341565  0.0404802 -0.0535951  0.0226271  0.0044798  0.146454 -0.204672  -9.80577  13475
             3.09966 0.0217476 0.0328631  -2.10467   0.0219611  -0.0228684 -0.00111625       0       0 180.013 -0.006253  0.011775  0.028535 0.00176406 -0.0152709 -0.0038294  -0.023901 -0.0341231  0.0401634 -0.0546394   0.023253 0.00716529  0.147348 -0.205272  -9.80574  13489
             3.19964 0.0232462 0.0381982  -2.10618   0.0228894  -0.0232312 -0.00152354       0       0 180.013 -0.006253  0.011775  0.028535  0.00316079 -0.00464882 -0.00528087 -0.0238434 -0.0340889  0.0398617 -0.0554785  0.0220881 0.00732283  0.148232 -0.204223  -9.80575  13489
             3.29963 0.0172091 0.0311893  -2.14822   0.0247151  -0.0231798 -0.00234636       0       0 180.013 -0.006253  0.011775  0.028535   0.0097509  0.00470329 -0.00762046 -0.0237994 -0.0340445  0.0395563 -0.0569943  0.0217609 0.00789338  0.149686 -0.204016  -9.80574  13488
             3.39962 0.0157347 0.0312118  -2.12051   0.0273914  -0.0221215 -0.00280599       0       0 180.013 -0.006253  0.011775  0.028535   0.0147883   0.0144468 -0.00612298 -0.0237754  -0.034007  0.0392528 -0.0588102  0.0214644 0.00736624  0.151444 -0.203892  -9.80571  13493
              3.4996 0.0152321 0.0281493  -2.07411   0.0278609  -0.0213559 -0.00341186       0       0 180.013 -0.006253  0.011775  0.028535  0.00611182   0.0138376 -0.00621743 -0.0237691 -0.0339796  0.0389421 -0.0581849  0.0223406 0.00742369  0.150778 -0.204672  -9.80571  13499
             3.59959 0.0132778 0.0231751  -2.08495   0.0280353  -0.0211757 -0.00375014       0       0 180.013 -0.006253  0.011775  0.028535 -0.00186731  0.00890867 -0.00380367 -0.0237591 -0.0339583  0.0386507 -0.0581512  0.0236744 0.00699144  0.150651 -0.205943  -9.80568  13502
             3.69961 0.0134574 0.0237217   -2.0243   0.0286806  -0.0216702 -0.00343863       0       0 180.013 -0.006253  0.011775  0.028535 0.00140661 0.00271399 0.00155737 -0.0237357 -0.0339484  0.0383707 -0.0590642  0.0249543 0.00604028  0.151439 -0.207246  -9.80564  13508
             3.79964 0.0161066 0.0326746  -2.09596   0.0296915  -0.0206976 -0.00276392       0       0 180.013 -0.006253  0.011775  0.028535 0.00516503  0.0135406  0.0082558 -0.0237255 -0.0339215   0.038101 -0.0597987  0.0245694 0.00547899  0.152175 -0.206947  -9.80564  13496
             3.89969 0.0149639 0.0308543   -2.0403    0.032094  -0.0190939 -0.00277922       0       0 180.013 -0.006253  0.011775  0.028535 0.00807429  0.0150113 0.00150429 -0.0237554 -0.0338674  0.0378105 -0.0615687  0.0243764 0.00687234 0.153834 -0.20686 -9.80561  13508
              3.9997 0.0133588 0.0104858  -2.10514   0.0310255  -0.0188342 -0.00446428       0       0 180.013 -0.006253  0.011775  0.028535 -0.0161855 0.00503182 -0.0106215 -0.0237169 -0.0338729  0.0375418 -0.0608874  0.0251442  0.0100464   0.15306 -0.207465  -9.80561  13508
             4.09972  0.0106044 0.00866082   -1.93632   0.0258772  -0.0206508 -0.00560956       0       0 180.013 -0.006253  0.011775  0.028535 -0.0385464 -0.0064434 -0.0128385 -0.0236476 -0.0339357  0.0372562 -0.0585052  0.0270848  0.0102022  0.150661 -0.209123  -9.80561  13519
             4.19972 0.0100259 0.0217324  -2.13046   0.0231154  -0.0210938 -0.00539116       0       0 180.013 -0.006253  0.011775  0.028535  -0.0285266 -0.00347618 -0.00189496 -0.0236236 -0.0339718   0.037006 -0.0590874   0.027035 0.00813538  0.151257 -0.209166   -9.8056  13489
             4.29975  0.011486 0.0276157  -1.89245   0.0247508  -0.0206179 -0.00440197       0       0 180.013 -0.006253  0.011775  0.028535 -0.00138855  0.00558228  0.00720892 -0.0236375 -0.0339596  0.0367263 -0.0622619  0.0264941 0.00665547  0.154321 -0.208916  -9.80556  13490
             4.39969 0.0176872 0.0440466  -1.52589   0.0269613  -0.0175218 -0.00273341       0       0 180.013 -0.006253  0.011775  0.028535 0.0200122 0.0234269 0.0145089 -0.0236804 -0.0339074  0.0364654 -0.0634856  0.0247349 0.00565456  0.155612 -0.207358  -9.80557  13473
             4.49966 0.0192085 0.0550329  -1.70399   0.0332697  -0.0130511 -0.00104238       0       0 180.013 -0.006253  0.011775  0.028535 0.0460847 0.0382097  0.014125 -0.0237479 -0.0337697  0.0362207 -0.0660974  0.0233096 0.00529049  0.158142 -0.206124  -9.80556  13426
             4.59983 0.0258396 0.0438375  -1.95576   0.0410547 -0.00839189 3.70998e-05       0       0 180.013 -0.006253  0.011775  0.028535  0.0542749   0.039412 0.00996686 -0.0237698 -0.0336443  0.0359725 -0.0685938  0.0223426 0.00581387  0.160507 -0.205257  -9.80554  13479
             4.69993 0.0316174 0.0365039  -2.05332    0.0430821  -0.00770541 -0.000625589       0       0 180.013 -0.006253  0.011775  0.028535    0.0193141   0.00726308 -0.000555528 -0.0237497 -0.0335788   0.035698 -0.0669757  0.0242487 0.00813732  0.158847 -0.206955  -9.80553  13517
             4.79998 0.0253727 0.0260133  -2.51343  0.0420808 -0.0126662 -0.0018208       0       0 180.013 -0.006253  0.011775  0.028535 -0.00242762  -0.0294031  -0.0091431  -0.023636 -0.0335665  0.0354648  -0.065586  0.0282135 0.00964253  0.157266 -0.210583  -9.80548  13525
             4.90004 0.0279069 0.0367571  -2.75635  0.0413581 -0.0176727 -0.0021127       0       0 180.013 -0.006253  0.011775  0.028535 -0.00882136  -0.0459759  -0.0058733 -0.0235392  -0.033555   0.035216 -0.0655095  0.0294841 0.00889348  0.157085 -0.211789  -9.80546  13530
             4.99999 0.0416595  0.056747  -3.00022     0.041098   -0.0238659 -0.000535758       0       0 180.013 -0.006253  0.011775  0.028535 -0.00812412  -0.0416978  0.00842533 -0.0234301 -0.0335077  0.0349809 -0.0660898  0.0303174 0.00617861  0.157557 -0.212728  -9.80543  13537
             5.09993 0.0191307 0.0389726  -3.15756   0.0431299  -0.0256254 -0.00113841       0       0 180.013 -0.006253  0.011775  0.028535 -0.00376915  -0.0169607  -0.0042931 -0.0233736 -0.0334391  0.0347521 -0.0679555  0.0288989  0.0079314  0.159511 -0.211714  -9.80542  13545
             5.19983 0.00640749 0.00595784   -3.02984   0.0445957  -0.0238574 -0.00404864       0       0 180.013 -0.006253  0.011775  0.028535 -0.00955687    0.015359  -0.0225275 -0.0233694 -0.0334103  0.0345066 -0.0693338   0.026896   0.010965  0.161153 -0.210095  -9.80543  13560
             5.29969 -0.0119755  -0.023286    -3.0309   0.0427923  -0.0188163 -0.00886703       0       0 180.013 -0.006253  0.011775  0.028535 -0.0273327  0.0437648 -0.0414772 -0.0234014 -0.0334442  0.0342917  -0.06898  0.025058 0.0141192  0.161191 -0.208254  -9.80546  13546
             5.39961 -0.0105777 -0.0152268    -2.8907  0.0395661 -0.0125098 -0.0116884       0       0 180.013 -0.006253  0.011775  0.028535 -0.0374889  0.0653168 -0.0385412 -0.0234639  -0.033526  0.0340704 -0.0683333  0.0235746  0.0133057  0.160963 -0.206775   -9.8055  13543
             5.49955  -0.0196106 -0.00748783    -2.74683   0.0365809 -0.00445487  -0.0123191       0       0 180.013 -0.006253  0.011775  0.028535  -0.029059  0.0662218 -0.0140843 -0.0235612 -0.0335861  0.0338491 -0.0689756  0.0231884 0.00893595  0.161716 -0.206645  -9.80549  13537
             5.59955 -0.000236512    0.0129167     -2.90004   0.0356698 0.000608827 -0.00884762       0       0 180.013 -0.006253  0.011775  0.028535 -0.0164641  0.0517466  0.0206371 -0.0236402 -0.0336069  0.0336563 -0.0700928   0.023842 0.00343302  0.162724 -0.207549  -9.80545  13533
             5.69962 0.0254763 0.0206257  -2.95042    0.036116  0.00228777 -0.00340349       0       0 180.013 -0.006253  0.011775  0.028535 -0.0129584  0.0199802  0.0445344 -0.0236662 -0.0336058  0.0334375   -0.0716838     0.025316 -0.000412558  0.163992 -0.209261   -9.8054  13555
             5.79968  0.0273638 0.00785576   -2.88129      0.03549 -3.56639e-05   -0.0015261       0       0 180.013 -0.006253  0.011775  0.028535  -0.0134588 -0.00901039   0.0280103 -0.0236246 -0.0336244  0.0332257 -0.0726395  0.0275436  0.0024388  0.164368 -0.211421  -9.80534  13562
              5.8997 0.0265123 0.0160006   -2.7128    0.035139 -0.00402716 -0.00256113       0       0 180.013 -0.006253  0.011775  0.028535 -0.00780751  -0.0307525  0.00140586 -0.0235814 -0.0336541  0.0330036 -0.0734255  0.0290774 0.00648888  0.164685 -0.212868  -9.80531  13548
             5.99969 0.0176224 0.0214579  -2.62659   0.0349844 -0.00654716 -0.00407589       0       0 180.013 -0.006253  0.011775  0.028535 -0.00501197  -0.0338586 -0.00965699 -0.0235513 -0.0336634  0.0327938   -0.07368  0.0289102 0.00843521  0.164903 -0.212707  -9.80531  13546
             6.09969 0.0205608 0.0302008  -2.63979   0.0346884 -0.00842727 -0.00399367       0       0 180.013 -0.006253  0.011775  0.028535 -0.00412034  -0.0277011 -0.00401502 -0.0235154  -0.033656  0.0325973 -0.0736353  0.0279857 0.00728859  0.165048 -0.211887  -9.80532  13536
             6.19972 0.0256463  0.034727  -2.78803   0.0357415 -0.00942465  -0.0026926       0       0 180.013 -0.006253  0.011775  0.028535 0.00209734 -0.0208566 0.00800127 -0.023456 -0.033637 0.0323967 -0.0742191  0.0267629 0.00562153  0.165822 -0.210909  -9.80533  13535
             6.29975 0.0295805 0.0426815  -2.80792   0.0378619 -0.00956777 -0.00114003       0       0 180.013 -0.006253  0.011775  0.028535   0.0120237 -0.00996607   0.0130061 -0.0233857 -0.0335992  0.0321856 -0.0750386   0.025544 0.00490981  0.166792 -0.209948  -9.80533  13539
             6.39974 0.0309705 0.0438761   -2.9032   0.0399127  -0.0114597 0.000194991       0       0 180.013 -0.006253  0.011775  0.028535  0.0106584 -0.0146753  0.0125873   -0.02332 -0.0335398  0.0319974 -0.0756517  0.0259649 0.00481722   0.16728 -0.210439  -9.80532  13534
             6.49974 0.0269359 0.0378537   -2.8593   0.0414763  -0.0127575 0.000193726       0       0 180.013 -0.006253  0.011775  0.028535  0.00769652 -0.00929396  0.00429762 -0.0232648 -0.0334771  0.0317825  -0.076043  0.0259781 0.00615832  0.167591 -0.210482  -9.80531  13540
             6.59969 0.0199833 0.0292319  -2.79725   0.0432722  -0.0134476 -0.00208928       0       0 180.013 -0.006253  0.011775  0.028535  0.00334818 -0.00388794  -0.0165637  -0.023243 -0.0334239  0.0315895 -0.0768205  0.0259279 0.00885386   0.16822 -0.210503   -9.8053  13538
             6.69965  0.018579 0.0210958  -2.76503   0.0446279  -0.0146599 -0.00394379       0       0 180.013 -0.006253  0.011775  0.028535 -0.00107958  -0.0100419  -0.0182664 -0.0231989 -0.0334113  0.0313936 -0.0776273  0.0262049 0.00904078 0.168892  -0.2109 -9.80528  13546
             6.79962 0.00991957  0.0114701    -2.5872    0.044406  -0.0163756 -0.00621665       0       0 180.013 -0.006253  0.011775  0.028535 -0.00787983   -0.011267  -0.0228405 -0.0231514 -0.0334243  0.0312015 -0.0778362  0.0265841 0.00943669 0.169001 -0.21127 -9.80527  13551
             6.89957 0.00598906 0.00782898   -2.36042   0.0430618  -0.0170329 -0.00647278       0       0 180.013 -0.006253  0.011775  0.028535  -0.0143178 -0.00415492  -0.0103578 -0.0231238 -0.0334419  0.0310072 -0.0776761  0.0264507 0.00742584  0.168934 -0.211177  -9.80527  13538
             6.99957 0.0096162 0.0165321   -2.3992   0.0422225  -0.0170511 -0.00519825       0       0 180.013 -0.006253  0.011775  0.028535 -0.0127912 0.00293958 0.00653413 -0.0231261  -0.033449  0.0308304 -0.0779318  0.0263766 0.00524877  0.169237 -0.211198  -9.80527  13529
             7.09964 0.0154472 0.0252472   -2.2452   0.0422061  -0.0148661 -0.00360447       0       0 180.013 -0.006253  0.011775  0.028535 -0.00772904   0.0146673   0.0131147 -0.0231483 -0.0334324  0.0306421 -0.0784543  0.0254469 0.00441328  0.169833 -0.210422  -9.80527  13535
             7.19965 0.0227157 0.0322456  -2.35291   0.0424998  -0.0137685 -0.00186055       0       0 180.013 -0.006253  0.011775  0.028535 -0.0085349  0.0112172  0.0158863 -0.0231521 -0.0333923  0.0304681 -0.0790218  0.0255501 0.00402799  0.170356 -0.210572  -9.80526  13527
              7.2997 0.0177963 0.0221392  -2.12993   0.0435912  -0.0120615 -0.00245616       0       0 180.013 -0.006253  0.011775  0.028535  -0.00268189    0.0172633 -0.000469443 -0.0231498 -0.0333615   0.030274 -0.0800268  0.0253294 0.00600877  0.171229 -0.210396  -9.80525  13546
             7.39963 0.0155418 0.0234753  -2.22533   0.0451272  -0.0113238 -0.00324004       0       0 180.013 -0.006253  0.011775  0.028535  0.00260499   0.0125271 -0.00495607 -0.0231609 -0.0333315  0.0301122 -0.0809458  0.0257695 0.00673211  0.172019 -0.210837  -9.80523  13528
             7.49968 0.0152748 0.0198977  -2.24017   0.0465973 -0.00937829 -0.00421043       0       0 180.013 -0.006253  0.011775  0.028535  0.00213587   0.0128847 -0.00855919 -0.0231755 -0.0333109  0.0299302 -0.0815972  0.0253508 0.00724934  0.172619 -0.210476  -9.80522  13542
             7.59964 0.0149791 0.0156615  -2.12121    0.047829 -0.00832967 -0.00488426       0       0 180.013 -0.006253  0.011775  0.028535  0.00300787  0.00939558 -0.00876643 -0.0231776 -0.0333018  0.0297491 -0.0821557   0.025366  0.0070412  0.173135 -0.210524  -9.80521  13545
             7.69962 0.0155937 0.0132984  -2.15653   0.0475273 -0.00681173 -0.00495427       0       0 180.013 -0.006253  0.011775  0.028535 -0.00634391   0.0136124 -0.00505907 -0.0231705 -0.0332982  0.0295865 -0.0820175   0.025037 0.00623643  0.173052 -0.210236  -9.80522  13533
             7.79963 0.0112361 0.0202238  -1.99418   0.0485293  -0.0041277 -0.00529748       0       0 180.013 -0.006253  0.011775  0.028535 -0.00308752   0.0239737 -0.00669027 -0.0232075 -0.0332785   0.029412 -0.0827137  0.0245917 0.00601309  0.173712 -0.209864  -9.80522  13538
             7.89959  0.0136973 0.00560112   -2.09518   0.0485861 -0.00161167 -0.00586362       0       0 180.013 -0.006253  0.011775  0.028535  -0.0159714   0.0173458 -0.00663598 -0.0232411 -0.0332687  0.0292564 -0.0831545  0.0243731 0.00596891  0.174121 -0.209678  -9.80521  13540
             7.99965 0.00621302 -0.0149459   -1.84173   0.0456497 -0.00172346 -0.00796475       0       0 180.013 -0.006253  0.011775  0.028535  -0.0381319 0.000587015  -0.0200462  -0.023229 -0.0333268  0.0291042 -0.0829832  0.0250189 0.00699107   0.17392 -0.210241   -9.8052  13563
             8.09957 -0.00019979  -0.0170165    -1.52748  0.0397038 -0.0024418 -0.0101987       0       0 180.013 -0.006253  0.011775  0.028535   -0.0544732 -0.000252077   -0.0229843 -0.0232132 -0.0334239  0.0289312 -0.0822783  0.0254073 0.00709545  0.173277 -0.210594  -9.80521  13538
             8.19954   0.00519039 -0.000660924     -1.35771   0.0347654 -0.00143756  -0.0103331       0       0 180.013 -0.006253  0.011775  0.028535  -0.0431774  0.00414071 -0.00984752 -0.0232219 -0.0335107  0.0287827 -0.0822998  0.0249315 0.00519459   0.17332 -0.210201  -9.80522  13533
             8.29956 0.0187022 0.0213382  -1.90705   0.0348365 -0.00127325 -0.00632312       0       0 180.013 -0.006253  0.011775  0.028535  -0.0140847 -0.00129488   0.0242761 -0.0232131 -0.0335301  0.0286487 -0.0838436  0.0250338 0.00106293 0.174832 -0.21022 -9.80519  13501
             8.39981 0.0323461 0.0581838  -3.32426    0.0381445 -0.000160585 -0.000208745       0       0 180.013 -0.006253  0.011775  0.028535 0.0217406 0.0107617 0.0441164 -0.0231901 -0.0335063    0.02854  -0.0853719    0.024544 -0.00139194  0.176249 -0.209716  -9.80517  13496
             8.50006 0.0393079 0.0429555  -3.43132  0.0423543 0.00375273 0.00382476       0       0 180.013 -0.006253  0.011775  0.028535 0.0178638 0.0319958 0.0385413 -0.0232167 -0.0334124  0.0283318  -0.0862197   0.0233963 -0.00112661 0.177126 -0.20874 -9.80518  13549
             8.59994 0.0131512 0.0123002   -4.2465  0.0453276 0.00658859 0.00293336       0       0 180.013 -0.006253  0.011775  0.028535  0.0136124  0.0339427 0.00772105 -0.0232551 -0.0333524  0.0281672 -0.0869227  0.0235389  0.0027177  0.177543 -0.208931  -9.80517  13524
             8.69997 0.0898027 0.0432083  -5.76303  0.0461934 0.00711464 0.00115803       0       0 180.013 -0.006253  0.011775  0.028535  0.0141978 0.00999553  0.0371255  -0.023245 -0.0333631  0.0280521 -0.0871441  0.0244422 0.00593855  0.177211 -0.209661  -9.80516  13515
             8.80012 0.261967 0.139448 -6.45709   0.0456499 -0.00282956   0.0154883       0       0 180.013 -0.006253  0.011775  0.028535 0.0208957 -0.059087  0.180129 -0.0228119 -0.0333626  0.0278458  -0.0877105   0.0290164 0.000930646  0.174834 -0.213308  -9.80512  13578
             8.89998 0.372136 0.228979  -7.1621  0.0504113 -0.0348698  0.0405462       0       0 180.013 -0.006253  0.011775  0.028535 0.0322025 -0.229198  0.313174   -0.02194 -0.0332547  0.0276134    -0.094125    0.0378613 -0.000638326  0.171186 -0.222792  -9.80498  13627
             8.99988 0.452191 0.230666 -7.05002  0.0501875 -0.0768538  0.0892025       0       0 180.013 -0.006253  0.011775  0.028535 0.000231791   -0.331623     0.48622  -0.020983 -0.0331881  0.0273949 -0.0982848  0.0449309 -0.0109215  0.166469 -0.229973  -9.80489  13697
             9.09954 0.513367 0.158415 -6.23751 0.0457407 -0.101892    0.1637       0       0 180.013 -0.006253  0.011775  0.028535 -0.0482107  -0.247418   0.669764 -0.0202553 -0.0333322  0.0272371 -0.0949654  0.0426643 -0.0289166  0.166992 -0.228742  -9.80491  13790
             9.19919  0.422369 0.0478925  -6.31834   0.029751 -0.0999605   0.211456       0       0 180.013 -0.006253  0.011775  0.028535  -0.146045 -0.0225633   0.536932 -0.0199653  -0.033699  0.0271324 -0.0856354  0.0380976 -0.0159156   0.16858 -0.217493  -9.80514  13888
              9.2992   0.322836 -0.0705482   -5.70825 -0.00511059  -0.0618603    0.233855       0       0 180.013 -0.006253  0.011775  0.028535 -0.29692 0.303323   0.3184 -0.0202896 -0.0342256  0.0270377 -0.0694419  0.0302787 0.00407169  0.169911 -0.198702  -9.80552  14010
             9.39917  0.169489 -0.208375  -5.18148  -0.034463 0.00275017   0.223874       0       0 180.013 -0.006253  0.011775  0.028535 -0.299608  0.579241 0.0402891  -0.021091 -0.0348836  0.0270066 -0.0620193   0.019292  0.0298108  0.175941 -0.186048  -9.80566  14197
              9.4993 -1.03972 -1.95117 -5.20695 -0.0191992  0.0465184   0.222654       0       0 180.013 -0.006253  0.011775  0.028535  -0.0142729    0.492618 -0.00722814 -0.0211241 -0.0339767  0.0267437 -0.0805416  0.0172636  0.0324416  0.187956 -0.198172   -9.8052  14349
             9.59972 -2.08501 -3.26003 -4.88194 0.0178772 0.0736838  0.302869       0       0 180.013 -0.006253  0.011775  0.028535  0.23422 0.325371 0.424331 -0.0213642 -0.0334719  0.0266047  -0.100791  0.0222858 -0.0148165 0.194628 -0.21026 -9.80481  14477
             9.69997 -2.25066 -3.45209 -5.13346 0.0291685 0.0817714  0.319808       0       0 180.013 -0.006253  0.011775  0.028535 0.160815 0.150669 0.270824 -0.0220448 -0.0338283  0.0265791  -0.0987688   0.0314986 -0.00227909   0.18903 -0.217788  -9.80476  14598
             9.80024 -2.22999 -3.49471 -4.58724 0.0262274 0.0807613  0.346679       0       0 180.013 -0.006253  0.011775  0.028535 0.0430026 0.0187722  0.266113 -0.0222497 -0.0339144  0.0264512  -0.0945376   0.0404086 -0.00325155  0.180383 -0.220278  -9.80487  14688
             9.90023 -2.05085 -3.34817 -4.27539 0.0081744 0.0616074  0.347998       0       0 180.013 -0.006253  0.011775  0.028535 -0.111853 -0.128487  0.118227 -0.0220341 -0.0339344  0.0263288 -0.0866718  0.0489333  0.0085077  0.173308 -0.226614  -9.80485  14742
             10.0002 -1.85686 -3.11104 -3.67192 -0.0151515   0.038082   0.340826       0       0 180.013 -0.006253  0.011775  0.028535  -0.199693  -0.192134 -0.0199164 -0.0216751 -0.0339218  0.0261703 -0.0817654  0.0531705  0.0165243  0.170283 -0.230685  -9.80481  14820
             10.1001 -1.76369 -2.88675 -2.89027 -0.0348436  0.0245395   0.334237       0       0 180.013 -0.006253  0.011775  0.028535  -0.195563  -0.126841 -0.0845529 -0.0213446  -0.033825  0.0260142 -0.0811345  0.0512632  0.0175881  0.171124 -0.229399  -9.80482  14868
             10.1999 -1.80088 -2.77064 -1.71595 -0.0366459  0.0239163   0.337254       0       0 180.013 -0.006253  0.011775  0.028535 -0.0784385 -0.0112276 -0.0609309 -0.0212263 -0.0335555  0.0258468 -0.0884182  0.0469794  0.0117542    0.1759 -0.226041  -9.80482  14876
             10.2997  -1.80138   -2.6664 -0.726605 -0.0260805  0.0346505   0.344586       0       0 180.013 -0.006253  0.011775  0.028535  0.0456508   0.105012 -0.0141921  -0.021219 -0.0332461  0.0257352 -0.0963177  0.0439865 0.00518714   0.18007 -0.222163  -9.80483  14887
             10.3996  -1.63668  -2.42581 0.0967267 -0.013945 0.0562011   0.36991       0       0 180.013 -0.006253  0.011775  0.028535 0.0806363  0.209044   0.13144 -0.0213304 -0.0330273  0.0256092   -0.102422   0.0430177 -0.00777487  0.179607 -0.217454  -9.80494  14917
             10.4996 -1.15825 -1.76903  2.24245 -0.0107907  0.0859053   0.384062       0       0 180.013 -0.006253  0.011775  0.028535 0.041571  0.29258 0.163893 -0.0216888 -0.0329287  0.0254486   -0.101819    0.039912 -0.00768281  0.177545 -0.215541  -9.80502  14943
             10.5993 -0.0496543  -0.590659    4.28696 -0.0154795   0.124253   0.403371       0       0 180.013 -0.006253  0.011775  0.028535 0.00542449   0.341916   0.188019 -0.0221735 -0.0328781  0.0253592     -0.1007   0.0347857 -0.00883437  0.172588 -0.214031  -9.80515  15000
             10.6992 1.65043 1.28725 5.59731 -0.0308777   0.135278     0.4203       0       0 180.013 -0.006253  0.011775  0.028535 -0.0699753   0.135544    0.16661  -0.022333 -0.0330092  0.0252816  -0.0877707   0.0373725 -0.00864486  0.173834 -0.225964  -9.80486  15034
             10.7995 3.44643 3.71824 6.39405 -0.0578051   0.112093   0.408935       0       0 180.013 -0.006253  0.011775  0.028535   -0.17501  -0.150862 0.00439025 -0.0220549 -0.0332431  0.0252046 -0.0672474   0.041099 0.00405934  0.180076 -0.244055  -9.80431  15058
             10.8999  5.6197 6.02395  6.7627 -0.0673325  0.0790241   0.394069       0       0 180.013 -0.006253  0.011775  0.028535 -0.075484 -0.294865 -0.107257 -0.0219759 -0.0332535  0.0251093 -0.0621807  0.0499742  0.0098957  0.188041 -0.246293   -9.8041  15068
             11.0003 7.51453 8.27785 6.68803 -0.0553226  0.0473606   0.362557       0       0 180.013 -0.006253  0.011775  0.028535 0.0990879 -0.312092  -0.24765 -0.0217738 -0.0331744   0.025002 -0.0705992  0.0612156   0.017975  0.190353 -0.236091  -9.80431  15035
             11.1007 8.97738 10.5403 6.82104 -0.0379182  0.0319373   0.332165       0       0 180.013 -0.006253  0.011775  0.028535  0.177059 -0.217236 -0.302927 -0.0217298 -0.0333307  0.0249377 -0.0823882  0.0613302  0.0215661  0.183229 -0.226323  -9.80468  14996
             11.2007 10.1089 12.0163 6.65347 -0.00772407   0.0269453    0.332878       0       0 180.013 -0.006253  0.011775  0.028535  0.268154 -0.127658 -0.147941 -0.0218203 -0.0330788   0.024763 -0.0808301  0.0487492 0.00702597  0.190316 -0.227241  -9.80452  14916
             11.3007 10.7552 13.0811 6.32324 0.0231469 0.0201485  0.331874       0       0 180.013 -0.006253  0.011775  0.028535   0.307198  -0.118854 -0.0616379 -0.0218162 -0.0330087  0.0246153  -0.078614  0.0418377 0.00126548  0.193865 -0.228883  -9.80441  14871
             11.4005 10.7776 14.1561 5.18821    0.0500196 -8.12058e-05     0.312876       0       0 180.013 -0.006253  0.011775  0.028535  0.299702 -0.183052 -0.113592 -0.0216895 -0.0330339  0.0245258 -0.0823457  0.0490091  0.0074654   0.18799 -0.226572  -9.80458  14833
             11.5005 10.6562 14.9274 3.57153  0.0694017 -0.0215423   0.313218       0       0 180.013 -0.006253  0.011775  0.028535   0.225808  -0.214343 -0.0346547 -0.0217369 -0.0330687  0.0244274 -0.0709892  0.0408625 0.00336861 0.192457 -0.23613 -9.80427  14818
             11.6004 10.1475 15.3895 1.56562  0.0906937 -0.0480202   0.314476       0       0 180.013 -0.006253  0.011775  0.028535  0.204206 -0.234635 0.0054839 -0.0217171 -0.0330572  0.0243192 -0.0657379  0.0401335 0.00107241 0.196789 -0.24036 -9.80408  14813
             11.7003  8.93304  15.6758 -1.45886   0.111821 -0.0747259   0.318361       0       0 180.013 -0.006253  0.011775  0.028535  0.155723 -0.226642 0.0526181 -0.0216884 -0.0330804  0.0242331   -0.0641816     0.040391 -0.000179307  0.199235 -0.241917  -9.80399  14799
             11.8003  7.50663   15.402 -4.29158  0.0999849 -0.0958464   0.331838       0       0 180.013 -0.006253  0.011775  0.028535 -0.0698259  -0.159155   0.143354 -0.0216783 -0.0333671  0.0241728    -0.054122    0.0379514 -0.000270037  0.195892 -0.245673  -9.80397  14840
             11.9002  5.79627  13.3719 -6.39438  0.111776 -0.107046  0.345135       0       0 180.013 -0.006253  0.011775  0.028535 -0.0194445 -0.0470963   0.174864 -0.0215689 -0.0329963  0.0239666   -0.0619509    0.0368343 -0.000913239  0.200222 -0.246306  -9.80386  14882
             11.9999 4.23773 10.9221 -7.2702  0.109845 -0.107271  0.356153       0       0 180.013 -0.006253  0.011775  0.028535 -0.0779333  0.0683836   0.150063 -0.0215762 -0.0330171  0.0238226 -0.0680727   0.038495 0.00171977  0.196897 -0.245043  -9.80396  14969
             12.0993  2.55462  8.21991 -7.29144   0.102939 -0.0932262   0.372235       0       0 180.013 -0.006253  0.011775  0.028535 -0.123864  0.184156   0.14205 -0.0215362   -0.03307  0.0236931 -0.0673866  0.0361445 0.00107013  0.199487 -0.245645  -9.80389  15033
