            0.400323 0 0 0  -0.00091138 -0.000712771 -0.000195422       0       0 180.013 -0.006253  0.011775  0.028535  -0.0102197 -0.00392818 -0.00229991 -0.0255146 -0.0351019  0.0509478 0 0 0 0.0957276 -0.181022  -9.80686 
            0.500293 0.0318642 0.0495529 -0.499117   0.00103738  -0.00286132 -0.000897855       0       0 180.013 -0.006253  0.011775  0.028535  -0.0123223  0.00214623 -0.00310517 -0.0255145 -0.0351019  0.0509477 -6.17393e-08  4.58577e-08  7.87723e-09 0.0957277 -0.181022  -9.80686 
            0.600201 0.0316543 0.0575167 -0.389544     0.011499  -0.00746208 -0.000755663       0       0 180.013 -0.006253  0.011775  0.028535   0.0339256  -0.0225458 -0.00198098 -0.0254481 -0.0349765  0.0504321 -1.59988e-05  6.10247e-06 -7.07019e-07  0.095743 -0.181028  -9.80686 
            0.700165 0.0297516 0.0484307 -0.905286   0.0188324 -0.00889221 -0.00190796       0       0 180.013 -0.006253  0.011775  0.028535   0.0391677  -0.0175652 -0.00387891 -0.0253554 -0.0348396  0.0499813 -0.00351998 -0.00083704   0.0010854 0.0991093 -0.180229  -9.80684 
            0.799969   0.03227 0.0495432 -0.945721   0.0229193  -0.0077123 -0.00134152       0       0 180.013 -0.006253  0.011775  0.028535    0.0313256 -0.000322677    0.0010872 -0.0252299 -0.0347551  0.0494659  -0.00449611  -0.00705113 -0.000699639  0.100153 -0.174301  -9.80694 
             0.89982 0.0321276 0.0470268  -1.04815   0.0185296  -0.0109938 -0.00025278       0       0 180.013 -0.006253  0.011775  0.028535 -0.0102725 -0.0084755  0.0053718  -0.025109 -0.0346715  0.0489995   0.0122079  0.00268431 -0.00367481 0.0839567 -0.183439  -9.80693 
            0.999702 0.0306094 0.0502262  -1.23499   0.0160437  -0.0135022 7.72365e-05       0       0 180.013 -0.006253  0.011775  0.028535 -0.0288669 -0.0126568 0.00391843 -0.0249923 -0.0345964    0.04854   0.0139169  0.00717082 -0.00277612 0.0822187 -0.187704  -9.80686 
             1.09962 0.0330872 0.0542106   -1.3725  0.0159319  -0.016852 0.00166933       0       0 180.013 -0.006253  0.011775  0.028535 -0.0287716 -0.0232909  0.0119577  -0.024887 -0.0345005  0.0480748  0.00671753   0.0113436 -0.00575376 0.0890683 -0.191927  -9.80672 
             1.19959 0.0352997 0.0546278  -1.44463  0.0164897 -0.0207775 0.00178566       0       0 180.013 -0.006253  0.011775  0.028535 -0.0282645 -0.0251051   0.010499 -0.0247633 -0.0344097  0.0476139 -0.00124159   0.0148089  -0.0021273 0.0965843 -0.195394  -9.80658 
             1.29963 0.0344638 0.0562538   -1.6867  0.0217345 -0.0232818 0.00288638       0       0 180.013 -0.006253  0.011775  0.028535 -0.00698434  -0.0213134   0.0104957 -0.0246277 -0.0343209  0.0471908   -0.015551   0.0149985 -0.00212264  0.110319 -0.196021  -9.80642 
             1.39969 0.0302986  0.048136   -1.8273  0.0257797 -0.0248272 0.00161794       0       0 180.013 -0.006253  0.011775  0.028535  0.000336199    -0.011119 -0.000913266 -0.0245331 -0.0342103  0.0467413 -0.0237013  0.0144799 0.00324326  0.118104 -0.195713  -9.80634 
             1.49975 0.0261886 0.0408533  -2.05995    0.0304853   -0.0246915 -0.000392179       0       0 180.013 -0.006253  0.011775  0.028535   0.0065033   0.0025098 -0.00983064 -0.0244534 -0.0341241  0.0463307 -0.0311252  0.0132837 0.00747808  0.125228 -0.194803  -9.80627 
             1.59974 0.0173232 0.0276558  -1.93216   0.0285641  -0.0210611 -0.00449813       0       0 180.013 -0.006253  0.011775  0.028535 -0.0160812  0.0243382  -0.024142 -0.0244321 -0.0340654  0.0458926 -0.0285688 0.00948558  0.0139691  0.122891 -0.190893  -9.80637 
             1.69978 0.00847466  0.0175197   -2.00042   0.0272532  -0.0157877 -0.00807511       0       0 180.013 -0.006253  0.011775  0.028535 -0.0274491  0.0400329 -0.0297616 -0.0244454 -0.0340433  0.0455088 -0.0295945 0.00620821  0.0163789  0.124026 -0.187761  -9.80642 
             1.79973 0.00341299 0.00970116   -1.82856   0.0250867 -0.00994774   -0.010967       0       0 180.013 -0.006253  0.011775  0.028535 -0.0358584  0.0537745 -0.0328042  -0.024483 -0.0340654  0.0451133 -0.0307951 0.00433917  0.0158835   0.12529 -0.186047  -9.80644 
             1.89974 0.00203429  0.0109526   -1.75609   0.0223051 -0.00715333  -0.0107281       0       0 180.013 -0.006253  0.011775  0.028535  -0.042633  0.0454916 -0.0188708 -0.0245148 -0.0341057   0.044714 -0.0323825 0.00733759 0.00957602  0.126739 -0.189113  -9.80636 
             1.99974 0.00411704 0.00653548   -1.65302   0.0210672 -0.00550267 -0.00910817       0       0 180.013 -0.006253  0.011775  0.028535  -0.0358352   0.0336029 -0.00288308  -0.024546 -0.0341589  0.0443151 -0.0359227  0.0102075 0.00371775  0.130076 -0.192127  -9.80626 
             2.09977 0.00986413  0.0168004   -1.60656   0.0191902 -0.00625174 -0.00560662       0       0 180.013 -0.006253  0.011775  0.028535 -0.0349431  0.0175605  0.0145034  -0.024541 -0.0342207  0.0439592  -0.0379544   0.0142855 -0.00247506   0.13194 -0.196223  -9.80615 
             2.19981 0.0172737 0.0253905  -1.72765   0.0185159 -0.00865153 -0.00220307       0       0 180.013 -0.006253  0.011775  0.028535  -0.023935 0.00194997  0.0242743 -0.0245073 -0.0342451  0.0435893  -0.0408081   0.0182567 -0.00534908   0.13457 -0.200182  -9.80603 
             2.29978 0.0225902  0.035367  -1.61847   0.0196184  -0.0111464 -0.00019538       0       0 180.013 -0.006253  0.011775  0.028535   -0.015856 -0.00646891   0.0244968  -0.024463 -0.0342435  0.0432115  -0.0441461   0.0206311 -0.00436133  0.137661 -0.202557  -9.80594 
             2.39986 0.0278469 0.0418412  -1.85635  0.0222655 -0.0145588 0.00214964       0       0 180.013 -0.006253  0.011775  0.028535 -0.0111838 -0.0128366  0.0274526 -0.0243931 -0.0342021  0.0428653   -0.048341   0.0232073 -0.00383757 0.141565 -0.20517 -9.80583 
             2.49982 0.0183468 0.0203019  -1.94833   0.0237096  -0.0145181 -0.00173322       0       0 180.013 -0.006253  0.011775  0.028535 -0.00442939 -0.00699354 0.000176425 -0.0243365 -0.0341681  0.0425014 -0.0505289  0.0221906 0.00584035  0.143528 -0.204069  -9.80583 
             2.59971 0.0136379 0.0196169  -1.62354   0.0242368  -0.0142359 -0.00583122       0       0 180.013 -0.006253  0.011775  0.028535 -0.00441141 -0.00552772  -0.0159772 -0.0243194 -0.0341844  0.0421409 -0.0513245  0.0213411  0.0117205 0.144224 -0.20316 -9.80584 
             2.69974 0.0144199 0.0213995  -1.85822   0.0204055   -0.014929 -0.00682522       0       0 180.013 -0.006253  0.011775  0.028535 -0.0198531 -0.0095337 -0.0136876 -0.0242822 -0.0342054   0.041809 -0.0488471  0.0213102  0.0109415  0.141874 -0.203024  -9.80587 
             2.79967 0.0163028   0.02457  -1.78683   0.0185279  -0.0159331 -0.00570133       0       0 180.013 -0.006253  0.011775  0.028535  -0.0214019   -0.011486 -0.00361713 -0.0242162 -0.0342366  0.0414541 -0.0489437  0.0212348 0.00780353  0.142029 -0.203027  -9.80587 
             2.89966 0.0237117  0.035998  -1.87243   0.0194371  -0.0185066 -0.00126879       0       0 180.013 -0.006253  0.011775  0.028535 -0.0111539 -0.0157235   0.016481 -0.0241239 -0.0342346  0.0411437 -0.0510766  0.0221996 0.00184053  0.144124 -0.204189  -9.80582 
             2.99966 0.0270641 0.0427433  -2.00271  0.0197677 -0.0216536 0.00145971       0       0 180.013 -0.006253  0.011775  0.028535 -0.00778268  -0.0179307    0.020476 -0.0240342 -0.0342012  0.0408099  -0.0521885   0.0233966 0.000568038  0.145144 -0.205417  -9.80577 
             3.09966 0.0221714 0.0365956  -2.08486   0.0209945  -0.0222638 0.000248252       0       0 180.013 -0.006253  0.011775  0.028535 -0.00400533   -0.011607  0.00562369   -0.02396 -0.0341565  0.0404802 -0.0535951  0.0226271  0.0044798  0.146454 -0.204672  -9.80577 
             3.19964 0.0217476 0.0328631  -2.10467   0.0219467  -0.0243185 -0.00145272       0       0 180.013 -0.006253  0.011775  0.028535 -0.00228537  -0.0119515 -0.00466053  -0.023901 -0.0341231  0.0401634 -0.0546394   0.023253 0.00716529  0.147348 -0.205272  -9.80574 
             3.29963 0.0232462 0.0381982  -2.10618   0.0230991  -0.0234445 -0.00204667       0       0 180.013 -0.006253  0.011775  0.028535 0.000176767  0.00291759 -0.00551037 -0.0238434 -0.0340889  0.0398617 -0.0554785  0.0220881 0.00732283  0.148232 -0.204223  -9.80575 
             3.39962 0.0172091 0.0311893  -2.14822   0.0253854   -0.022345 -0.00310008       0       0 180.013 -0.006253  0.011775  0.028535  0.00283673   0.0131611 -0.00818736 -0.0237994 -0.0340445  0.0395563 -0.0569943  0.0217609 0.00789338  0.149686 -0.204016  -9.80574 
              3.4996 0.0157347 0.0312118  -2.12051   0.0286446  -0.0204692 -0.00337019       0       0 180.013 -0.006253  0.011775  0.028535   0.0109426   0.0195637 -0.00601783 -0.0237754  -0.034007  0.0392528 -0.0588102  0.0214644 0.00736624  0.151444 -0.203892  -9.80571 
             3.59959 0.0152321 0.0281493  -2.07411   0.0281921   -0.019744 -0.00398681       0       0 180.013 -0.006253  0.011775  0.028535 -0.000947403     0.018306  -0.00562935 -0.0237691 -0.0339796  0.0389421 -0.0581849  0.0223406 0.00742369  0.150778 -0.204672  -9.80571 
             3.69961 0.0132778 0.0231751  -2.08495    0.027703  -0.0202178 -0.00399097       0       0 180.013 -0.006253  0.011775  0.028535 -0.00461372    0.012345 -0.00249604 -0.0237591 -0.0339583  0.0386507 -0.0581512  0.0236744 0.00699144  0.150651 -0.205943  -9.80568 
             3.79964 0.0134574 0.0237217   -2.0243   0.0287624  -0.0211026 -0.00310949       0       0 180.013 -0.006253  0.011775  0.028535 -0.000278379    0.0110082   0.00587839 -0.0237357 -0.0339484  0.0383707 -0.0590642  0.0249543 0.00604028  0.151439 -0.207246  -9.80564 
             3.89969 0.0161066 0.0326746  -2.09596  0.0298913 -0.0192302 -0.0019265       0       0 180.013 -0.006253  0.011775  0.028535 -0.00499527   0.0143847  0.00747632 -0.0237255 -0.0339215   0.038101 -0.0597987  0.0245694 0.00547899  0.152175 -0.206947  -9.80564 
              3.9997 0.0149639 0.0308543   -2.0403   0.0320082  -0.0179546 -0.00244868       0       0 180.013 -0.006253  0.011775  0.028535 -0.0102856  0.0102645 0.00341696 -0.0237554 -0.0338674  0.0378105 -0.0615687  0.0243764 0.00687234 0.153834 -0.20686 -9.80561 
             4.09972 0.0133588 0.0104858  -2.10514   0.0291946  -0.0184015 -0.00547936       0       0 180.013 -0.006253  0.011775  0.028535 -0.0189955 0.00761927 -0.0121414 -0.0237169 -0.0338729  0.0375418 -0.0608874  0.0251442  0.0100464   0.15306 -0.207465  -9.80561 
             4.19972  0.0106044 0.00866082   -1.93632   0.0222949  -0.0211298 -0.00676312       0       0 180.013 -0.006253  0.011775  0.028535  -0.0336298 -0.00352236  -0.0114849 -0.0236476 -0.0339357  0.0372562 -0.0585052  0.0270848  0.0102022  0.150661 -0.209123  -9.80561 
             4.29975 0.0100259 0.0217324  -2.13046   0.0202903   -0.021152 -0.00542815       0       0 180.013 -0.006253  0.011775  0.028535  -0.0281312  0.00280833 8.20988e-05 -0.0236236 -0.0339718   0.037006 -0.0590874   0.027035 0.00813538  0.151257 -0.209166   -9.8056 
             4.39969  0.011486 0.0276157  -1.89245   0.0250594  -0.0197695 -0.00345485       0       0 180.013 -0.006253  0.011775  0.028535 0.00904403 0.00924859 0.00975335 -0.0236375 -0.0339596  0.0367263 -0.0622619  0.0264941 0.00665547  0.154321 -0.208916  -9.80556 
             4.49966 0.0176872 0.0440466  -1.52589     0.02939  -0.0148869 -0.00132953       0       0 180.013 -0.006253  0.011775  0.028535 0.0236138 0.0270123 0.0123398 -0.0236804 -0.0339074  0.0364654 -0.0634856  0.0247349 0.00565456  0.155612 -0.207358  -9.80557 
             4.59983 0.0192085 0.0550329  -1.70399   0.0373287 -0.00967005 0.000396707       0       0 180.013 -0.006253  0.011775  0.028535  0.032582 0.0314849 0.0125904 -0.0237479 -0.0337697  0.0362207 -0.0660974  0.0233096 0.00529049  0.158142 -0.206124  -9.80556 
             4.69993 0.0258396 0.0438375  -1.95576   0.0457242 -0.00509617  0.00110748       0       0 180.013 -0.006253  0.011775  0.028535 0.0353379 0.0238845 0.0112664 -0.0237698 -0.0336443  0.0359725 -0.0685938  0.0223426 0.00581387  0.160507 -0.205257  -9.80554 
             4.79998 0.0316174 0.0365039  -2.05332   0.0446489 -0.00708507 -0.00064956       0       0 180.013 -0.006253  0.011775  0.028535   0.0125036  0.00613324 -0.00151467 -0.0237497 -0.0335788   0.035698 -0.0669757  0.0242487 0.00813732  0.158847 -0.206955  -9.80553 
             4.90004 0.0253727 0.0260133  -2.51343   0.0416463  -0.0158324 -0.00267122       0       0 180.013 -0.006253  0.011775  0.028535 -0.00724334  -0.0344211  -0.0099278  -0.023636 -0.0335665  0.0354648  -0.065586  0.0282135 0.00964253  0.157266 -0.210583  -9.80548 
             4.99999 0.0279069 0.0367571  -2.75635   0.0402627  -0.0224971 -0.00276679       0       0 180.013 -0.006253  0.011775  0.028535  -0.0128373  -0.0333634 -0.00638367 -0.0235392  -0.033555   0.035216 -0.0655095  0.0294841 0.00889348  0.157085 -0.211789  -9.80546 
             5.09993 0.0416595  0.056747  -3.00022   0.0397053  -0.0275443 0.000280535       0       0 180.013 -0.006253  0.011775  0.028535  -0.023676  -0.029606 0.00559454 -0.0234301 -0.0335077  0.0349809 -0.0660898  0.0303174 0.00617861  0.157557 -0.212728  -9.80543 
             5.19983 0.0191307 0.0389726  -3.15756    0.041743   -0.026779 -0.00155413       0       0 180.013 -0.006253  0.011775  0.028535  -0.0261715 -0.00384717 -0.00484774 -0.0233736 -0.0334391  0.0347521 -0.0679555  0.0288989  0.0079314  0.159511 -0.211714  -9.80542 
             5.29969 0.00640749 0.00595784   -3.02984   0.0429115  -0.0218613 -0.00621728       0       0 180.013 -0.006253  0.011775  0.028535 -0.0263277  0.0236193 -0.0226289 -0.0233694 -0.0334103  0.0345066 -0.0693338   0.026896   0.010965  0.161153 -0.210095  -9.80543 
             5.39961 -0.0119755  -0.023286    -3.0309  0.0402224 -0.0149469 -0.0123745       0       0 180.013 -0.006253  0.011775  0.028535 -0.0334583  0.0490474 -0.0432267 -0.0234014 -0.0334442  0.0342917  -0.06898  0.025058 0.0141192  0.161191 -0.208254  -9.80546 
             5.49955 -0.0105777 -0.0152268    -2.8907   0.0352353 -0.00495204  -0.0162791       0       0 180.013 -0.006253  0.011775  0.028535 -0.0372775  0.0642743 -0.0403344 -0.0234639  -0.033526  0.0340704 -0.0683333  0.0235746  0.0133057  0.160963 -0.206775   -9.8055 
             5.59955  -0.0196106 -0.00748783    -2.74683  0.0337041 0.00192181 -0.0137446       0       0 180.013 -0.006253  0.011775  0.028535 -0.0284451  0.0615732 -0.0132255 -0.0235612 -0.0335861  0.0338491 -0.0689756  0.0231884 0.00893595  0.161716 -0.206645  -9.80549 
             5.69962 -0.000236512    0.0129167     -2.90004  0.0334737 0.00509855 -0.0068445       0       0 180.013 -0.006253  0.011775  0.028535 -0.0291656  0.0393744  0.0201717 -0.0236402 -0.0336069  0.0336563 -0.0700928   0.023842 0.00343302  0.162724 -0.207549  -9.80545 
             5.79968 0.0254763 0.0206257  -2.95042   0.034336 0.00402997 0.00110578       0       0 180.013 -0.006253  0.011775  0.028535 -0.0208414  0.0172695  0.0458905 -0.0236662 -0.0336058  0.0334375   -0.0716838     0.025316 -0.000412558  0.163992 -0.209261   -9.8054 
              5.8997  0.0273638 0.00785576   -2.88129   0.0341247 -0.00118244  0.00122244       0       0 180.013 -0.006253  0.011775  0.028535 -0.0142362 -0.0126513  0.0274481 -0.0236246 -0.0336244  0.0332257 -0.0726395  0.0275436  0.0024388  0.164368 -0.211421  -9.80534 
             5.99969 0.0265123 0.0160006   -2.7128   0.0344889 -0.00680752 -0.00234025       0       0 180.013 -0.006253  0.011775  0.028535 -0.00801414  -0.0359344  0.00310338 -0.0235814 -0.0336541  0.0330036 -0.0734255  0.0290774 0.00648888  0.164685 -0.212868  -9.80531 
             6.09969 0.0176224 0.0214579  -2.62659   0.0345157  -0.0100787 -0.00506901       0       0 180.013 -0.006253  0.011775  0.028535 -0.00494102  -0.0385665  -0.0114334 -0.0235513 -0.0336634  0.0327938   -0.07368  0.0289102 0.00843521  0.164903 -0.212707  -9.80531 
             6.19972 0.0205608 0.0302008  -2.63979   0.0342375  -0.0115503 -0.00428809       0       0 180.013 -0.006253  0.011775  0.028535 -0.00644635  -0.0345438 -0.00288181 -0.0235154  -0.033656  0.0325973 -0.0736353  0.0279857 0.00728859  0.165048 -0.211887  -9.80532 
             6.29975 0.0256463  0.034727  -2.78803   0.0358874  -0.0116811 -0.00183877       0       0 180.013 -0.006253  0.011775  0.028535 0.000821116  -0.0236956  0.00833457 -0.023456 -0.033637 0.0323967 -0.0742191  0.0267629 0.00562153  0.165822 -0.210909  -9.80533 
             6.39974 0.0295805 0.0426815  -2.80792   0.0387923  -0.0105738 0.000110846       0       0 180.013 -0.006253  0.011775  0.028535   0.0042527 -0.00913515   0.0118907 -0.0233857 -0.0335992  0.0321856 -0.0750386   0.025544 0.00490981  0.166792 -0.209948  -9.80533 
             6.49974 0.0309705 0.0438761   -2.9032  0.0407226 -0.0126826  0.0015109       0       0 180.013 -0.006253  0.011775  0.028535  0.00362516 -0.00916229   0.0134349   -0.02332 -0.0335398  0.0319974 -0.0756517  0.0259649 0.00481722   0.16728 -0.210439  -9.80532 
             6.59969 0.0269359 0.0378537   -2.8593   0.0417192  -0.0134238 0.000593225       0       0 180.013 -0.006253  0.011775  0.028535 -0.00544022 -0.00395916  0.00204739 -0.0232648 -0.0334771  0.0317825  -0.076043  0.0259781 0.00615832  0.167591 -0.210482  -9.80531 
             6.69965 0.0199833 0.0292319  -2.79725   0.0430134  -0.0139592 -0.00375396       0       0 180.013 -0.006253  0.011775  0.028535  -0.0106397 -0.00556862  -0.0170565  -0.023243 -0.0334239  0.0315895 -0.0768205  0.0259279 0.00885386   0.16822 -0.210503   -9.8053 
             6.79962  0.018579 0.0210958  -2.76503   0.0440785  -0.0155915 -0.00580729       0       0 180.013 -0.006253  0.011775  0.028535  -0.0099486 -0.00645147  -0.0200773 -0.0231989 -0.0334113  0.0313936 -0.0776273  0.0262049 0.00904078 0.168892  -0.2109 -9.80528 
             6.89957 0.00991957  0.0114701    -2.5872   0.0433217  -0.0173127 -0.00855941       0       0 180.013 -0.006253  0.011775  0.028535  -0.0128837 -0.00588068  -0.0248365 -0.0231514 -0.0334243  0.0312015 -0.0778362  0.0265841 0.00943669 0.169001 -0.21127 -9.80527 
             6.99957 0.00598906 0.00782898   -2.36042  0.0415777 -0.0171418 -0.0074932       0       0 180.013 -0.006253  0.011775  0.028535  -0.0166528  0.00271524 -0.00940921 -0.0231238 -0.0334419  0.0310072 -0.0776761  0.0264507 0.00742584  0.168934 -0.211177  -9.80527 
             7.09964 0.0096162 0.0165321   -2.3992   0.0408073  -0.0167366 -0.00450479       0       0 180.013 -0.006253  0.011775  0.028535 -0.0156608 0.00306875 0.00698531 -0.0231261  -0.033449  0.0308304 -0.0779318  0.0263766 0.00524877  0.169237 -0.211198  -9.80527 
             7.19965 0.0154472 0.0252472   -2.2452   0.0412138  -0.0134895 -0.00227776       0       0 180.013 -0.006253  0.011775  0.028535 -0.0159285  0.0132333   0.012934 -0.0231483 -0.0334324  0.0306421 -0.0784543  0.0254469 0.00441328  0.169833 -0.210422  -9.80527 
              7.2997 0.0227157 0.0322456  -2.35291    0.0412769   -0.0124647 -0.000306069       0       0 180.013 -0.006253  0.011775  0.028535 -0.015991 0.0147106 0.0145039 -0.0231521 -0.0333923  0.0304681 -0.0790218  0.0255501 0.00402799  0.170356 -0.210572  -9.80526 
             7.39963 0.0177963 0.0221392  -2.12993   0.0430664  -0.0103072 -0.00244643       0       0 180.013 -0.006253  0.011775  0.028535 -0.00945486   0.0193057 0.000458825 -0.0231498 -0.0333615   0.030274 -0.0800268  0.0253294 0.00600877  0.171229 -0.210396  -9.80525 
             7.49968 0.0155418 0.0234753  -2.22533   0.0449944  -0.0102588 -0.00364092       0       0 180.013 -0.006253  0.011775  0.028535 -0.00703988  0.00745646 -0.00454403 -0.0231609 -0.0333315  0.0301122 -0.0809458  0.0257695 0.00673211  0.172019 -0.210837  -9.80523 
             7.59964 0.0152748 0.0198977  -2.24017     0.04647 -0.00825659 -0.00512301       0       0 180.013 -0.006253  0.011775  0.028535 -0.00490466   0.0100836  -0.0104629 -0.0231755 -0.0333109  0.0299302 -0.0815972  0.0253508 0.00724934  0.172619 -0.210476  -9.80522 
             7.69962 0.0149791 0.0156615  -2.12121   0.0477879 -0.00755634 -0.00587145       0       0 180.013 -0.006253  0.011775  0.028535 -0.00470691  0.00888655  -0.0114103 -0.0231776 -0.0333018  0.0297491 -0.0821557   0.025366  0.0070412  0.173135 -0.210524  -9.80521 
             7.79963 0.0155937 0.0132984  -2.15653   0.0467285 -0.00510224 -0.00556297       0       0 180.013 -0.006253  0.011775  0.028535  -0.0134078   0.0182082 -0.00850593 -0.0231705 -0.0332982  0.0295865 -0.0820175   0.025037 0.00623643  0.173052 -0.210236  -9.80522 
             7.89959 0.0112361 0.0202238  -1.99418   0.0474525 -0.00209296 -0.00592088       0       0 180.013 -0.006253  0.011775  0.028535  -0.0225202   0.0146199 -0.00701259 -0.0232075 -0.0332785   0.029412 -0.0827137  0.0245917 0.00601309  0.173712 -0.209864  -9.80522 
             7.99965  0.0136973 0.00560112   -2.09518    0.0461924 -0.000229237  -0.00675368       0       0 180.013 -0.006253  0.011775  0.028535 -0.0354281 0.00998795 -0.0117062 -0.0232411 -0.0332687  0.0292564 -0.0831545  0.0243731 0.00596891  0.174121 -0.209678  -9.80521 
             8.09957 0.00621302 -0.0149459   -1.84173   0.0415415 -0.00152503  -0.0100653       0       0 180.013 -0.006253  0.011775  0.028535 -0.0443457 0.00536409 -0.0220995  -0.023229 -0.0333268  0.0291042 -0.0829832  0.0250189 0.00699107   0.17392 -0.210241   -9.8052 
             8.19954 -0.00019979  -0.0170165    -1.52748   0.0346316 -0.00255709   -0.012641       0       0 180.013 -0.006253  0.011775  0.028535 -0.0443712 -0.0027406 -0.0258189 -0.0232132 -0.0334239  0.0289312 -0.0822783  0.0254073 0.00709545  0.173277 -0.210594  -9.80521 
             8.29956   0.00519039 -0.000660924     -1.35771   0.0306791 -0.00122823  -0.0114077       0       0 180.013 -0.006253  0.011775  0.028535  -0.0388969 2.37072e-05  -0.0111432 -0.0232219 -0.0335107  0.0287827 -0.0822998  0.0249315 0.00519459   0.17332 -0.210201  -9.80522 
             8.39981 0.0187022 0.0213382  -1.90705   0.0338249 -0.00155444 -0.00345101       0       0 180.013 -0.006253  0.011775  0.028535 -0.00250563  0.00272778   0.0228083 -0.0232131 -0.0335301  0.0286487 -0.0838436  0.0250338 0.00106293 0.174832 -0.21022 -9.80519 
             8.50006 0.0323461 0.0581838  -3.32426   0.0397191 0.000918519  0.00413911       0       0 180.013 -0.006253  0.011775  0.028535 0.0034184  0.014219 0.0410149 -0.0231901 -0.0335063    0.02854  -0.0853719    0.024544 -0.00139194  0.176249 -0.209716  -9.80517 
             8.59994 0.0393079 0.0429555  -3.43132  0.0436952 0.00715677  0.0079503       0       0 180.013 -0.006253  0.011775  0.028535 0.00436922  0.0374475  0.0427369 -0.0232167 -0.0334124  0.0283318  -0.0862197   0.0233963 -0.00112661 0.177126 -0.20874 -9.80518 
             8.69997 0.0131512 0.0123002   -4.2465  0.0464745 0.00943229 0.00543412       0       0 180.013 -0.006253  0.011775  0.028535 0.0156334 0.0245352  0.066839 -0.0232551 -0.0333524  0.0281672 -0.0869227  0.0235389  0.0027177  0.177543 -0.208931  -9.80517 
             8.80012 0.0898027 0.0432083  -5.76303   0.049205 0.00847344 0.00891363       0       0 180.013 -0.006253  0.011775  0.028535 0.0404129 0.0117236  0.133029  -0.023245 -0.0333631  0.0280521 -0.0871441  0.0244422 0.00593855  0.177211 -0.209661  -9.80516 
             8.89998 0.261967 0.139448 -6.45709   0.0481619 -0.00881702   0.0387435       0       0 180.013 -0.006253  0.011775  0.028535  0.0158798 -0.0649456   0.297951 -0.0228119 -0.0333626  0.0278458  -0.0877105   0.0290164 0.000930646  0.174834 -0.213308  -9.80512 
             8.99988 0.372136 0.228979  -7.1621  0.0528472 -0.0568065  0.0755987       0       0 180.013 -0.006253  0.011775  0.028535 0.0131717 -0.205191  0.389409   -0.02194 -0.0332547  0.0276134    -0.094125    0.0378613 -0.000638326  0.171186 -0.222792  -9.80498 
             9.09954 0.452191 0.230666 -7.05002 0.0495764 -0.107567  0.138023       0       0 180.013 -0.006253  0.011775  0.028535 -0.0265782  -0.285862   0.498089  -0.020983 -0.0331881  0.0273949 -0.0982848  0.0449309 -0.0109215  0.166469 -0.229973  -9.80489 
             9.19919 0.513367 0.158415 -6.23751 0.0396834 -0.123012  0.230454       0       0 180.013 -0.006253  0.011775  0.028535 -0.085066 -0.178518  0.661762 -0.0202553 -0.0333322  0.0272371 -0.0949654  0.0426643 -0.0289166  0.166992 -0.228742  -9.80491 
              9.2992  0.422369 0.0478925  -6.31834  0.0139388 -0.0987194   0.264152       0       0 180.013 -0.006253  0.011775  0.028535 -0.175228 0.0464941  0.512708 -0.0199653  -0.033699  0.0271324 -0.0856354  0.0380976 -0.0159156   0.16858 -0.217493  -9.80514 
             9.39917   0.322836 -0.0705482   -5.70825 -0.0351187 -0.0285568   0.264835       0       0 180.013 -0.006253  0.011775  0.028535 -0.302611  0.360114  0.291178 -0.0202896 -0.0342256  0.0270377 -0.0694419  0.0302787 0.00407169  0.169911 -0.198702  -9.80552 
              9.4993  0.169489 -0.208375  -5.18148 -0.0638958  0.0622838   0.226662       0       0 180.013 -0.006253  0.011775  0.028535  -0.29167  0.602385 0.0122762  -0.021091 -0.0348836  0.0270066 -0.0620193   0.019292  0.0298108  0.175941 -0.186048  -9.80566 
             9.59972 -1.03972 -1.95117 -5.20695 -0.0206863  0.0965409   0.219802       0       0 180.013 -0.006253  0.011775  0.028535 -0.00615977    0.504873  -0.0535465 -0.0211241 -0.0339767  0.0267437 -0.0805416  0.0172636  0.0324416  0.187956 -0.198172   -9.8052 
             9.69997 -2.08501 -3.26003 -4.88194 0.041363 0.105892  0.34365       0       0 180.013 -0.006253  0.011775  0.028535 0.237433 0.315199 0.393881 -0.0213642 -0.0334719  0.0266047  -0.100791  0.0222858 -0.0148165 0.194628 -0.21026 -9.80481 
             9.80024 -2.25066 -3.45209 -5.13346 0.0458208 0.0955757  0.346239       0       0 180.013 -0.006253  0.011775  0.028535  0.17492 0.126535 0.258604 -0.0220448 -0.0338283  0.0265791  -0.0987688   0.0314986 -0.00227909   0.18903 -0.217788  -9.80476 
             9.90023 -2.22999 -3.49471 -4.58724 0.0306239 0.0822436  0.372464       0       0 180.013 -0.006253  0.011775  0.028535 0.0381332 0.0128389  0.240972 -0.0222497 -0.0339144  0.0264512  -0.0945376   0.0404086 -0.00325155  0.180383 -0.220278  -9.80487 
             10.0002 -2.05085 -3.34817 -4.27539 -0.00330273   0.0497985     0.35771       0       0 180.013 -0.006253  0.011775  0.028535 -0.120462 -0.113656 0.0643166 -0.0220341 -0.0339344  0.0263288 -0.0866718  0.0489333  0.0085077  0.173308 -0.226614  -9.80485 
             10.1001 -1.85686 -3.11104 -3.67192 -0.0353019  0.0201226   0.336331       0       0 180.013 -0.006253  0.011775  0.028535   -0.19884  -0.161347 -0.0721851 -0.0216751 -0.0339218  0.0261703 -0.0817654  0.0531705  0.0165243  0.170283 -0.230685  -9.80481 
             10.1999 -1.76369 -2.88675 -2.89027 -0.0550007  0.0132233   0.323928       0       0 180.013 -0.006253  0.011775  0.028535  -0.198161 -0.0861509   -0.12592 -0.0213446  -0.033825  0.0260142 -0.0811345  0.0512632  0.0175881  0.171124 -0.229399  -9.80482 
             10.2997 -1.80088 -2.77064 -1.71595 -0.044363 0.0248399  0.330041       0       0 180.013 -0.006253  0.011775  0.028535 -0.0732291  0.0376143 -0.0868909 -0.0212263 -0.0335555  0.0258468 -0.0884182  0.0469794  0.0117542    0.1759 -0.226041  -9.80482 
             10.3996  -1.80138   -2.6664 -0.726605 -0.0222041  0.0469801   0.343392       0       0 180.013 -0.006253  0.011775  0.028535   0.0290225    0.151991 -0.00635834  -0.021219 -0.0332461  0.0257352 -0.0963177  0.0439865 0.00518714   0.18007 -0.222163  -9.80483 
             10.4996  -1.63668  -2.42581 0.0967267 -0.00661584   0.0787395    0.384506       0       0 180.013 -0.006253  0.011775  0.028535 0.0694225  0.243928  0.168042 -0.0213304 -0.0330273  0.0256092   -0.102422   0.0430177 -0.00777487  0.179607 -0.217454  -9.80494 
             10.5993 -1.15825 -1.76903  2.24245 -0.00600208    0.114704    0.401603       0       0 180.013 -0.006253  0.011775  0.028535 0.0692049  0.277944   0.18032 -0.0216888 -0.0329287  0.0254486   -0.101819    0.039912 -0.00768281  0.177545 -0.215541  -9.80502 
             10.6992 -0.0496543  -0.590659    4.28696 -0.0135588     0.1565    0.42163       0       0 180.013 -0.006253  0.011775  0.028535 0.0447536  0.289479  0.166949 -0.0221735 -0.0328781  0.0253592     -0.1007   0.0347857 -0.00883437  0.172588 -0.214031  -9.80515 
             10.7995 1.65043 1.28725 5.59731 -0.0367433   0.146071   0.435741       0       0 180.013 -0.006253  0.011775  0.028535 -0.0403845  0.0786707   0.141193  -0.022333 -0.0330092  0.0252816  -0.0877707   0.0373725 -0.00864486  0.173834 -0.225964  -9.80486 
             10.8999 3.44643 3.71824 6.39405 -0.0726608  0.0955545   0.407562       0       0 180.013 -0.006253  0.011775  0.028535  -0.111242  -0.181469 -0.0382461 -0.0220549 -0.0332431  0.0252046 -0.0672474   0.041099 0.00405934  0.180076 -0.244055  -9.80431 
             11.0003  5.6197 6.02395  6.7627 -0.0717591  0.0485222   0.381393       0       0 180.013 -0.006253  0.011775  0.028535 -0.00999531   -0.310855   -0.145534 -0.0219759 -0.0332535  0.0251093 -0.0621807  0.0499742  0.0098957  0.188041 -0.246293   -9.8041 
             11.1007 7.51453 8.27785 6.68803 -0.0439383  0.0174359   0.338433       0       0 180.013 -0.006253  0.011775  0.028535  0.135539 -0.325576 -0.263264 -0.0217738 -0.0331744   0.025002 -0.0705992  0.0612156   0.017975  0.190353 -0.236091  -9.80431 
             11.2007 8.97738 10.5403 6.82104 -0.0191797 0.00875251   0.300877       0       0 180.013 -0.006253  0.011775  0.028535  0.201788 -0.246988 -0.320617 -0.0217298 -0.0333307  0.0249377 -0.0823882  0.0613302  0.0215661  0.183229 -0.226323  -9.80468 
             11.3007 10.1089 12.0163 6.65347 0.0197488 0.0120832  0.318555       0       0 180.013 -0.006253  0.011775  0.028535  0.288096 -0.171606 -0.133073 -0.0218203 -0.0330788   0.024763 -0.0808301  0.0487492 0.00702597  0.190316 -0.227241  -9.80452 
             11.4005 10.7552 13.0811 6.32324  0.0553172 0.00742768   0.326835       0       0 180.013 -0.006253  0.011775  0.028535   0.330841  -0.135312 -0.0386476 -0.0218162 -0.0330087  0.0246153  -0.078614  0.0418377 0.00126548  0.193865 -0.228883  -9.80441 
             11.5005 10.7776 14.1561 5.18821 0.0795887 -0.018957  0.302117       0       0 180.013 -0.006253  0.011775  0.028535   0.289324  -0.191991 -0.0990907 -0.0216895 -0.0330339  0.0245258 -0.0823457  0.0490091  0.0074654   0.18799 -0.226572  -9.80458 
             11.6004 10.6562 14.9274 3.57153  0.0912517 -0.0424002   0.310412       0       0 180.013 -0.006253  0.011775  0.028535   0.208698  -0.194365 -0.0190786 -0.0217369 -0.0330687  0.0244274 -0.0709892  0.0408625 0.00336861 0.192457 -0.23613 -9.80427 
             11.7003 10.1475 15.3895 1.56562   0.10969 -0.071703  0.316698       0       0 180.013 -0.006253  0.011775  0.028535  0.143318 -0.205774 0.0427576 -0.0217171 -0.0330572  0.0243192 -0.0657379  0.0401335 0.00107241 0.196789 -0.24036 -9.80408 
             11.8003  8.93304  15.6758 -1.45886   0.124109 -0.0941852    0.32588       0       0 180.013 -0.006253  0.011775  0.028535 0.0776819 -0.143573  0.105641 -0.0216884 -0.0330804  0.0242331   -0.0641816     0.040391 -0.000179307  0.199235 -0.241917  -9.80399 
             11.9002  7.50663   15.402 -4.29158 0.0892056 -0.106885  0.348948       0       0 180.013 -0.006253  0.011775  0.028535  -0.158033 -0.0494409   0.200255 -0.0216783 -0.0333671  0.0241728    -0.054122    0.0379514 -0.000270037  0.195892 -0.245673  -9.80397 
             11.9999  5.79627  13.3719 -6.39438  0.105857 -0.106215  0.363574       0       0 180.013 -0.006253  0.011775  0.028535 -0.104223 0.0733295  0.192036 -0.0215689 -0.0329963  0.0239666   -0.0619509    0.0368343 -0.000913239  0.200222 -0.246306  -9.80386 
             12.0993 4.23773 10.9221 -7.2702   0.098906 -0.0959334   0.370795       0       0 180.013 -0.006253  0.011775  0.028535 -0.149893  0.165092  0.135447 -0.0215762 -0.0330171  0.0238226 -0.0680727   0.038495 0.00171977  0.196897 -0.245043  -9.80396 
